Statistics Results
------------------
COUNT: 400
MEAN: 242.32
MEDIAN: 239.5
MODE: #N/A
SD: 145.25810683056554
VARIANCE: 21099.917599999993
ELAPSED_TIME_SECONDS: 0.00023041699932946358
